Time,# TXs,Agg. # TXs,Unique Senders,Unique Receivers,Unique Users,Vol (Native),Agg. Vol (Native),Mints (Native),Burns (Native),Supply (Native)
2021-04-30T00:00:00+00:00,170750,20718420,70598,78053,105578,7139798659.53320600,761367924206.64429300,0,0,-1232967.164331000000000000000000
2021-04-29T00:00:00+00:00,182520,20547670,79887,79465,115003,7322097447.89979700,754228125547.11108700,0,0,-1232967.164331000000000000000000
2021-04-28T00:00:00+00:00,160149,20365150,60250,76922,95274,7681774999.07340800,746906028099.21129000,0,-74.0000000000000000,-1232967.164331000000000000000000
2021-04-27T00:00:00+00:00,163858,20205001,64234,76139,99070,7557170431.57184300,739224253100.13788200,0,0,-1232893.164331000000000000000000
2021-04-26T00:00:00+00:00,167722,20041143,68074,75365,102832,8976118011.50376200,731667082668.56603900,0,-30.0000000000000000,-1232893.164331000000000000000000
2021-04-25T00:00:00+00:00,149273,19873421,72527,58941,100414,3770453663.42244200,722690964657.06227700,0,0.000000000000000000000000,-1232863.164331000000000000000000
2021-04-24T00:00:00+00:00,138158,19724148,57750,62548,89139,4332490335.95741600,718920510993.63983500,0,0,-1232863.164331000000000000000000
2021-04-23T00:00:00+00:00,190276,19585990,74489,86533,115217,11607684454.21663500,714588020657.68241900,0,0,-1232863.164331000000000000000000
2021-04-22T00:00:00+00:00,181420,19395714,60846,86421,107826,7724090971.87524600,702980336203.46578400,0,-1690.0589000000000000,-1232863.164331000000000000000000
2021-04-21T00:00:00+00:00,192293,19214294,63573,98635,121502,7479499837.73807300,695256245231.59053800,0,0,-1231173.105431000000000000000000
2021-04-20T00:00:00+00:00,180689,19022001,53008,101957,118034,7849209740.99979800,687776745393.85246500,0,0,-1231173.105431000000000000000000
2021-04-19T00:00:00+00:00,179101,18841312,63072,89990,111069,9390979999.23183700,679927535652.85266700,0,-3492.8611410000000000,-1231173.105431000000000000000000
2021-04-18T00:00:00+00:00,170643,18662211,62456,82530,102510,9112463404.36391800,670536555653.62083000,0,0,-1227680.244290000000000000000000
2021-04-17T00:00:00+00:00,156848,18491568,55716,77234,94855,5984758304.90499500,661424092249.25691200,0,-92.0000000000000000,-1227680.244290000000000000000000
2021-04-16T00:00:00+00:00,181745,18334720,69697,85330,114145,10051497491.37104500,655439333944.35191700,0,0,-1227588.244290000000000000000000
2021-04-15T00:00:00+00:00,146351,18152975,55255,72129,90692,5685228607.69940200,645387836452.98087200,0,0,-1227588.244290000000000000000000
2021-04-14T00:00:00+00:00,202027,18006624,87008,86344,128574,8383981140.00087200,639702607845.28147000,0,0,-1227588.244290000000000000000000
2021-04-13T00:00:00+00:00,177004,17804597,58235,93962,110211,8321069018.87866000,631318626705.28059800,0,0,-1227588.244290000000000000000000
2021-04-12T00:00:00+00:00,184630,17627593,68683,91101,117681,6880224186.34209700,622997557686.40193800,0,-1.00000000000000000000,-1227588.244290000000000000000000
2021-04-11T00:00:00+00:00,142988,17442963,55033,68977,89652,3292946581.56980100,616117333500.05984100,0,-9011.00000000000000000000,-1227587.244290000000000000000000
2021-04-10T00:00:00+00:00,144503,17299975,50418,70563,84949,4519880817.69184200,612824386918.49004000,0,0,-1218576.244290000000000000000000
2021-04-09T00:00:00+00:00,165142,17155472,60137,80949,94688,6925239439.18079400,608304506100.79819800,0,0,-1218576.244290000000000000000000
2021-04-08T00:00:00+00:00,162702,16990330,60528,77524,94274,6273388676.13628400,601379266661.61740400,0,-30.0000000000000000,-1218576.244290000000000000000000
2021-04-07T00:00:00+00:00,171997,16827628,60621,83077,98889,9048353945.46591500,595105877985.48112000,0,0,-1218546.244290000000000000000000
2021-04-06T00:00:00+00:00,167751,16655631,59467,81721,96492,6093383637.25536600,586057524040.01520500,0,0,-1218546.244290000000000000000000
2021-04-05T00:00:00+00:00,149620,16487880,52712,74507,87273,4896906133.30932500,579964140402.75983900,0,0,-1218546.244290000000000000000000
2021-04-04T00:00:00+00:00,127890,16338260,48524,60599,75111,3410955490.71072600,575067234269.45051400,0,-2687.4628200000000000,-1218546.244290000000000000000000
2021-04-03T00:00:00+00:00,139754,16210370,52679,64926,81223,4801600799.77699500,571656278778.73978800,0,0,-1215858.781470000000000000000000
2021-04-02T00:00:00+00:00,164933,16070616,70158,71385,102567,7007667016.10179400,566854677978.96279300,0,0,-1215858.781470000000000000000000
2021-04-01T00:00:00+00:00,149994,15905683,50970,75670,91635,7005669394.48101200,559847010962.86099900,0,0.000000000000000000000000,-1215858.781470000000000000000000
2021-03-31T00:00:00+00:00,152998,15755689,52982,75954,90850,6163771384.82330900,552841341568.37998700,0,0,-1215858.781470000000000000000000
2021-03-30T00:00:00+00:00,155327,15602691,53946,74305,87357,5701102063.37110100,546677570183.55667800,0,0,-1215858.781470000000000000000000
2021-03-29T00:00:00+00:00,156606,15447364,57311,71679,87962,7261463208.93379500,540976468120.18557700,0,0,-1215858.781470000000000000000000
2021-03-28T00:00:00+00:00,120443,15290758,43792,56716,68501,3253979748.24554000,533715004911.25178200,0,0,-1215858.781470000000000000000000
2021-03-27T00:00:00+00:00,133140,15170315,51255,61042,77677,3711750440.04965000,530461025163.00624200,0,0,-1215858.781470000000000000000000
2021-03-26T00:00:00+00:00,148568,15037175,57035,67212,85815,5989201687.39127200,526749274722.95659200,0,0,-1215858.781470000000000000000000
2021-03-25T00:00:00+00:00,168470,14888607,69478,74549,100062,6355344431.68216900,520760073035.56532000,0,0,-1215858.781470000000000000000000
2021-03-24T00:00:00+00:00,157497,14720137,57138,75150,96353,6174163198.40048600,514404728603.88315100,0,0,-1215858.781470000000000000000000
2021-03-23T00:00:00+00:00,157516,14562640,63368,70854,99392,5747506595.64324700,508230565405.48266500,0,0,-1215858.781470000000000000000000
2021-03-22T00:00:00+00:00,160897,14405124,55322,80419,96172,5930096477.08029100,502483058809.83941800,0,0,-1215858.781470000000000000000000
2021-03-21T00:00:00+00:00,134452,14244227,50651,63645,78057,4697674577.34663600,496552962332.75912700,0,0,-1215858.781470000000000000000000
2021-03-20T00:00:00+00:00,139027,14109775,51240,66159,79614,5368993598.53813800,491855287755.41249100,0,0,-1215858.781470000000000000000000
2021-03-19T00:00:00+00:00,163044,13970748,60514,75067,93197,5665868910.68573600,486486294156.87435300,0,0,-1215858.781470000000000000000000
2021-03-18T00:00:00+00:00,158142,13807704,53981,77618,92061,6112576076.27432300,480820425246.18861700,0,0,-1215858.781470000000000000000000
2021-03-17T00:00:00+00:00,155559,13649562,57326,71770,88875,6157895460.70528900,474707849169.91429400,0,0,-1215858.781470000000000000000000
2021-03-16T00:00:00+00:00,164238,13494003,62834,76115,96938,7367796226.87745500,468549953709.20900500,0,0,-1215858.781470000000000000000000
2021-03-15T00:00:00+00:00,159367,13329765,54277,77642,91381,8689715600.98677500,461182157482.33155000,0,0,-1215858.781470000000000000000000
2021-03-14T00:00:00+00:00,152894,13170398,67016,61844,93271,4508306326.89223500,452492441881.34477500,0,0,-1215858.781470000000000000000000
2021-03-13T00:00:00+00:00,142514,13017504,50762,65863,78689,4544756204.47717300,447984135554.45254000,0,0,-1215858.781470000000000000000000
2021-03-12T00:00:00+00:00,161080,12874990,61124,71229,89843,9269929225.61370100,443439379349.97536700,0,0,-1215858.781470000000000000000000
2021-03-11T00:00:00+00:00,153253,12713910,54285,71145,84616,6324422649.21336300,434169450124.36166600,0,0,-1215858.781470000000000000000000
2021-03-10T00:00:00+00:00,154872,12560657,56101,71053,84976,7197091775.90310700,427845027475.14830300,0,0,-1215858.781470000000000000000000
2021-03-09T00:00:00+00:00,159541,12405785,56476,73464,86540,8152144767.38590500,420647935699.24519600,0,0,-1215858.781470000000000000000000
2021-03-08T00:00:00+00:00,148321,12246244,53790,66094,80328,8818534974.39556200,412495790931.85929100,0,0,-1215858.781470000000000000000000
2021-03-07T00:00:00+00:00,121886,12097923,42584,54547,64695,6382819019.52233200,403677255957.46372900,0,0,-1215858.781470000000000000000000
2021-03-06T00:00:00+00:00,126513,11976037,48763,54867,70090,4275819245.07054100,397294436937.94139700,0,-1167.7500000000000000,-1215858.781470000000000000000000
2021-03-05T00:00:00+00:00,144274,11849524,53674,62766,78805,5871986411.29416400,393018617692.87085600,0,0,-1214691.031470000000000000000000
2021-03-04T00:00:00+00:00,146515,11705250,54352,64519,81339,5411829028.25750600,387146631281.57669200,0,0,-1214691.031470000000000000000000
2021-03-03T00:00:00+00:00,151908,11558735,57699,66022,84775,5504739259.29352600,381734802253.31918600,0,0.000000000000000000000000,-1214691.031470000000000000000000
2021-03-02T00:00:00+00:00,157527,11406827,66657,65420,92146,6188539157.06892800,376230062994.02566000,0,-137.6400000000000000,-1214691.031470000000000000000000
2021-03-01T00:00:00+00:00,156277,11249300,61890,68113,88351,6081498214.25286800,370041523836.95673200,0,0,-1214553.391470000000000000000000
2021-02-28T00:00:00+00:00,142982,11093023,56468,60580,80179,4425333411.72762200,363960025622.70386400,0,0,-1214553.391470000000000000000000
2021-02-27T00:00:00+00:00,129145,10950041,50138,57959,73193,3349432033.99013400,359534692210.97624200,0,-4.7900000000000000,-1214553.391470000000000000000000
2021-02-26T00:00:00+00:00,154513,10820896,59568,68895,87309,6038044574.98530100,356185260176.98610800,0,-6710.2815740000000000,-1214548.601470000000000000000000
2021-02-25T00:00:00+00:00,152697,10666383,57663,68864,86091,5854394820.43958700,350147215602.00080700,0,0,-1207838.319896000000000000000000
2021-02-24T00:00:00+00:00,166093,10513686,63564,75716,95578,7268833928.17749000,344292820781.56122000,0,0,-1207838.319896000000000000000000
2021-02-23T00:00:00+00:00,170173,10347593,59400,81293,97820,9389241277.93304700,337023986853.38373000,0,0,-1207838.319896000000000000000000
2021-02-22T00:00:00+00:00,178457,10177420,59444,86435,101488,8661065979.60264300,327634745575.45068300,0,0,-1207838.319896000000000000000000
2021-02-21T00:00:00+00:00,163532,9998963,60168,75901,93411,4429415484.39084100,318973679595.84804000,0,0,-1207838.319896000000000000000000
2021-02-20T00:00:00+00:00,182831,9835431,67871,82210,105504,5907759302.76598500,314544264111.45719900,0,0,-1207838.319896000000000000000000
2021-02-19T00:00:00+00:00,175076,9652600,60121,83631,101240,6234177791.47358400,308636504808.69121400,0,0,-1207838.319896000000000000000000
2021-02-18T00:00:00+00:00,170861,9477524,57513,79921,96133,6666849340.39357900,302402327017.21763000,0,-547.0000000000000000,-1207838.319896000000000000000000
2021-02-17T00:00:00+00:00,156782,9306663,52354,72816,86931,6179400563.44681000,295735477676.82405100,0,0,-1207291.319896000000000000000000
2021-02-16T00:00:00+00:00,139633,9149881,47888,67379,80069,4629080505.45624400,289556077113.37724100,0,0,-1207291.319896000000000000000000
2021-02-15T00:00:00+00:00,152449,9010248,53531,73038,88101,5633378074.91713000,284926996607.92099700,0,0,-1207291.319896000000000000000000
2021-02-14T00:00:00+00:00,129540,8857799,47400,60742,75816,3610911930.04233200,279293618533.00386700,0,0,-1207291.319896000000000000000000
2021-02-13T00:00:00+00:00,121196,8728259,40828,59782,71909,3507815042.94939400,275682706602.96153500,0,0,-1207291.319896000000000000000000
2021-02-12T00:00:00+00:00,137571,8607063,49302,63785,82326,4656616514.89129800,272174891560.01214100,0,0,-1207291.319896000000000000000000
2021-02-11T00:00:00+00:00,144873,8469492,52223,69702,90298,4373996397.49547500,267518275045.12084300,0,0.000000000000000000000000,-1207291.319896000000000000000000
2021-02-10T00:00:00+00:00,176220,8324619,63302,85157,104937,5953264959.82364500,263144278647.62536800,0,0,-1207291.319896000000000000000000
2021-02-09T00:00:00+00:00,185214,8148399,62466,90381,108940,8476271135.44064600,257191013687.80172300,0,0,-1207291.319896000000000000000000
2021-02-08T00:00:00+00:00,184890,7963185,63590,88288,109133,9418767625.80997800,248714742552.36107700,0,-194.5525110000000000,-1207291.319896000000000000000000
2021-02-07T00:00:00+00:00,158517,7778295,56437,74417,92758,5767676144.30393800,239295974926.55109900,0,-2032.1247000000000000,-1207096.767385000000000000000000
2021-02-06T00:00:00+00:00,158588,7619778,54916,74662,92371,4725731804.60111900,233528298782.24716100,0,0,-1205064.642685000000000000000000
2021-02-05T00:00:00+00:00,177528,7461190,56394,84965,99468,6746476363.99909100,228802566977.64604200,0,0,-1205064.642685000000000000000000
2021-02-04T00:00:00+00:00,190713,7283662,64057,87890,105595,24517329457.52275900,222056090613.64695100,0,0,-1205064.642685000000000000000000
2021-02-03T00:00:00+00:00,194391,7092949,65666,88239,106080,14997718167.42926400,197538761156.12419200,0,-180.0000000000000000,-1205064.642685000000000000000000
2021-02-02T00:00:00+00:00,202747,6898558,69851,90139,108179,6687596616.17479900,182541042988.69492800,0,0,-1204884.642685000000000000000000
2021-02-01T00:00:00+00:00,205230,6695811,70039,92222,109551,5685074599.75932600,175853446372.52012900,0,0,-1204884.642685000000000000000000
2021-01-31T00:00:00+00:00,177949,6490581,62600,78267,94898,3185461832.94565900,170168371772.76080300,0,0,-1204884.642685000000000000000000
2021-01-30T00:00:00+00:00,179030,6312632,63397,78676,95634,4291468924.84494600,166982909939.81514400,0,0,-1204884.642685000000000000000000
2021-01-29T00:00:00+00:00,224188,6133602,79355,95638,118690,8315854835.07048100,162691441014.97019800,0,0,-1204884.642685000000000000000000
2021-01-28T00:00:00+00:00,199964,5909414,74660,82480,106406,6621771267.86588400,154375586179.89971700,0,0,-1204884.642685000000000000000000
2021-01-27T00:00:00+00:00,192903,5709450,68720,80836,100749,5847069728.43890600,147753814912.03383300,0,0,-1204884.642685000000000000000000
2021-01-26T00:00:00+00:00,206575,5516547,78653,83065,110139,6161963379.61395300,141906745183.59492700,0,0,-1204884.642685000000000000000000
2021-01-25T00:00:00+00:00,204490,5309972,68117,87998,103799,6100355415.06020000,135744781803.98097400,0,-110.0000000000000000,-1204884.642685000000000000000000
2021-01-24T00:00:00+00:00,167627,5105482,60122,69863,87742,3143016671.11819800,129644426388.92077400,0,0,-1204774.642685000000000000000000
2021-01-23T00:00:00+00:00,179860,4937855,70037,70798,96474,3480224365.79915400,126501409717.80257600,0,0,-1204774.642685000000000000000000
2021-01-22T00:00:00+00:00,206251,4757995,76442,82882,105714,6355316760.09978500,123021185352.00342200,0,-201.9700000000000000,-1204774.642685000000000000000000
2021-01-21T00:00:00+00:00,207445,4551744,72905,84610,105291,6281396789.80157800,116665868591.90363700,0,-1.00000000000000000000,-1204572.672685000000000000000000
2021-01-20T00:00:00+00:00,214549,4344299,75005,88909,108559,6135633234.00614400,110384471802.10205900,0,-14493.0236070000000000,-1204571.672685000000000000000000
2021-01-19T00:00:00+00:00,210824,4129750,70650,89834,106006,7014382846.66232600,104248838568.09591500,0,-15.0000000000000000,-1190078.649078000000000000000000
2021-01-18T00:00:00+00:00,224997,3918926,82766,95950,115840,3961895751.89873300,97234455721.43358900,0,0,-1190063.649078000000000000000000
2021-01-17T00:00:00+00:00,186348,3693929,67376,79225,95552,3008131210.35678300,93272559969.53485600,0,0,-1190063.649078000000000000000000
2021-01-16T00:00:00+00:00,197793,3507581,74044,81697,103529,3616643442.22508500,90264428759.17807300,0,0,-1190063.649078000000000000000000
2021-01-15T00:00:00+00:00,222957,3309788,86100,90766,119903,5178311715.40718400,86647785316.95298800,0,0,-1190063.649078000000000000000000
2021-01-14T00:00:00+00:00,229457,3086831,90920,90444,125184,5748576415.56082500,81469473601.54580400,0,0.000000000000000000000000,-1190063.649078000000000000000000
2021-01-13T00:00:00+00:00,219010,2857374,83987,85497,115243,5819745128.90579900,75720897185.98497900,0,-1187858.30524500000000000000,-1190063.64907800000000000000
2021-01-12T00:00:00+00:00,223177,2638364,84057,90710,117370,7330002423.64221600,69901152057.07918000,0,0,-2205.3438330000000000
2021-01-11T00:00:00+00:00,236466,2415187,81104,99055,121234,8342816380.63893100,62571149633.43696400,0,-23.7692300000000000,-2205.3438330000000000
2021-01-10T00:00:00+00:00,204774,2178721,75894,84451,110517,4208782651.55648000,54228333252.79803300,0,0,-2181.5746030000000000
2021-01-09T00:00:00+00:00,201305,1973947,72185,81513,105506,4626802323.12063300,50019550601.24155300,0,0,-2181.5746030000000000
2021-01-08T00:00:00+00:00,221321,1772642,74552,93056,115152,6589965300.40297100,45392748278.12092000,0,-100.0000000000000000,-2181.5746030000000000
2021-01-07T00:00:00+00:00,230717,1551321,77900,98681,120952,6440208923.11638300,38802782977.71794900,0,-49.9835000000000000,-2081.5746030000000000
2021-01-06T00:00:00+00:00,244331,1320604,83438,100222,125976,7700586197.26361600,32362574054.60156600,0,0,-2031.5911030000000000
2021-01-05T00:00:00+00:00,231728,1076273,75879,101873,122840,5705393440.04852600,24661987857.33795000,0,-1092.5911030000000000,-2031.5911030000000000
2021-01-04T00:00:00+00:00,217435,844545,69051,98564,116448,6747865137.83680900,18956594417.28942400,0,0,-939.0000000000000000
2021-01-03T00:00:00+00:00,215918,627110,66729,91248,109927,4185372144.95185700,12208729279.45261500,0,-939.0000000000000000,-939.0000000000000000
2021-01-02T00:00:00+00:00,214128,411192,71658,83858,107307,4002083654.43005200,8023357134.50075800,0,0,
2021-01-01T00:00:00+00:00,197064,197064,73262,73296,101338,4021273480.07070600,4021273480.07070600,0,0,
